	CSMB18H.01	CSMB18H.02	CSMB18H.03	CSMB18H.04	CSMB18H.05	CSMB18H.06	CSMB18H.07	CSMB18H.08	CSMB18H.09	CSMB18H.10	CSMB18H.11	CSMB18H.12	CSMB18H.13	CSMB18H.14	CSMB18H.15	CSMB18H.16	CSMB18H.17	CSMB18H.18	CSMB18H.19	CSMB18H.20	CSMB18H.21	CSMB18H.22	CSMB18H.23	CSMB18H.24	CSMB18H.25	CSMB18H.26	CSMB18H.27	CSMB18H.28	CSMB18H.29	CSMB18H.30	CSMB18H.31	CSMB18H.32	CSMB18H.33	CSMB18H.34	CSMB18H.35	CSMB18H.36	CSMB18H.37	CSMB18H.38	CSMB18H.39	CSMB18H.40	CSMB18H.41	CSMB18H.42	CSMB18H.43	CSMB18H.44	CSMB18H.45	CSMB18H.46	CSMB18H.47	CSMB18H.48	CSMB18H.49	CSMB18H.50	CSMB18H.51	CSMB18H.52	CSMB18H.53	CSMB18H.54	CSMB18H.55	CSMB18H.56	CSMB18H.57	CSMB18H.58	CSMB18H.59	CSMB18H.60	CSMB18H.61	CSMB18H.62	CSMB18H.63	CSMB18H.64	CSMB18H.65	CSMB18H.66	CSMB18H.67	CSMB18H.68	CSMB18H.69	CSMB18H.70	CSMB18H.71	CSMB18H.72	CSMB18H.73	CSMB18H.74	CSMB18H.75	CSMB18H.76	CSMB18H.77	CSMB18H.78	CSMB18H.79	CSMB18H.80	CSMB18H.81	CSMB18H.82	CSMB18H.83	CSMB18H.84	CSMB18H.85	CSMB18H.86	CSMB18H.87	CSMB18H.88	CSMB18H.89	CSMB18H.90	CSMB18H.91	CSMB18H.92	CSMB18H.93	CSMB18H.94	CSMB18H.95	CSMB18H.96
CSMB18H.01	1.144691138	0.074944982	0.01064646	-0.046407396	-0.128321555	0.025129947	0.022992946	0.07933526	-0.051814207	-0.035141403	-0.022551894	0.040787152	0.085320098	0.007047213	0.049170565	0.055436862	0.037627696	0.028381458	-0.02698729	-0.022492638	-0.044248638	0.064516871	-0.039219956	-0.116570786	0.07829397	-0.006063868	0.061215091	0.021838236	0.054787665	-0.072591028	0.016424147	-0.028819916	0.011202803	-0.148539571	-0.03051913	-0.036186516	-0.065651091	0.051880155	-0.013192036	-0.109542055	0.090712783	-0.085482588	-0.024063614	-0.087326593	0.00705845	-0.018253906	-0.033995296	0.018889524	-0.008250848	-0.064216387	-0.151014635	-0.05881648	-0.059999328	-0.069687692	0.003102309	0.041042604	-0.110886973	-0.110280844	0.066180478	-0.033098837	0.049411945	-0.035241468	-0.084572265	-0.091508699	0.13360534	0.072747377	0.04015709	0.001300503	0.001354147	-0.089304152	-0.041921356	-0.068196669	-0.086972326	-0.149063177	0.053342985	-0.033189111	0.10410524	0.159443508	0.137306651	-0.10020888	-0.16263988	0.057994067	-0.047151168	0.02264406	0.005377303	-0.065748599	0.001878315	-0.0128882	-0.026175978	-0.026007249	-0.119564909	-0.016265622	0.019851827	0.050068324	-0.026177662	-0.001808737
CSMB18H.02	0.074944982	1.089777112	0.01235332	0.047523982	0.039698683	-0.110795709	0.050573263	-0.089251777	-0.051452179	-0.037797227	-0.137674599	0.065870555	-0.06158713	-0.05799094	0.08917815	-0.019153983	0.064722047	-0.064305836	-0.054289251	-0.034488371	-0.019338195	-0.00337225	-0.026424683	0.08763577	-0.085882837	0.036134154	0.017721278	-0.128778759	-0.125108181	-0.213606636	0.014806204	0.012860847	-0.000136964	-0.007144172	0.026235929	0.029274794	0.01480403	0.004452944	-0.151088624	-0.028573769	-0.04375223	0.075020898	0.053321317	-0.10892101	-0.053334729	-0.079183651	0.045543006	-0.060633427	-0.093647413	-0.091823355	-0.100318752	-0.070195583	-0.042243385	-0.018539287	-0.083916744	0.067972959	0.028022083	0.06025586	0.092758823	-0.069072662	-0.04345443	-0.021077488	-0.096715283	0.043448125	0.130487107	-0.015052365	-0.016021603	-0.041648699	0.145508301	-0.091166299	0.021489078	0.07538315	-0.095245821	-0.102118782	0.05550125	-0.101975836	0.06502651	0.027431361	-0.003696655	0.102998484	-0.0405584	0.099700526	-0.015048204	0.138074505	0.02344516	0.007269832	-0.037647182	-0.030610721	0.008393569	-0.048752403	0.058669655	0.080001331	-0.006785637	-0.047047768	-0.041347363	-0.017255807
CSMB18H.03	0.01064646	0.01235332	1.114136331	-0.022537248	-0.045912576	-0.048008441	-0.011809531	0.046963878	-0.006854755	-0.017464715	0.023370645	0.002158981	-0.045020953	-0.062727623	-0.034153052	-0.069247653	-0.031795834	0.023635837	0.053007445	-0.049623233	0.001691671	0.038708868	-0.027045896	-0.06204312	-0.000386901	0.041682625	0.017848983	-0.061766251	0.034684839	-0.010878792	0.06313251	-0.117709693	-0.060843542	-0.040224217	-0.084687019	-0.007374026	0.150298862	0.079795869	-0.031486519	-0.076688154	-0.131542361	-0.089806247	-0.087614695	-0.054475741	0.00856169	0.038669506	0.007612197	0.020969793	0.037876188	-0.047496954	-0.090884609	-0.026458804	0.024783431	-0.053015184	0.066578174	-0.101377375	0.046370982	-0.012543783	0.479486016	0.03110606	-0.046585396	-0.006056535	-0.045906566	-0.04550238	0.064052159	0.003407143	0.078287901	-0.009645097	-0.0675592	0.009267994	-0.082383005	-0.065140962	-0.0469131	-0.037069716	0.006733396	0.00276075	0.024373787	-0.003698132	0.002522466	-0.082647472	-0.076930548	-0.022192178	-0.128286973	0.025703491	-0.047109678	-0.081080227	-0.064895766	-0.116709502	0.072421651	-0.029993193	0.034664854	-0.00273849	-0.098457712	0.101775602	-0.00154293	0.031779271
CSMB18H.04	-0.046407396	0.047523982	-0.022537248	1.070722391	-0.014150296	-0.066950115	0.041700562	0.056305502	0.001534429	0.045975312	-0.136386823	-0.017172568	-0.085700882	-0.042265729	0.137418276	-0.023573281	0.002139271	-0.061499017	-0.046476517	0.106252924	0.074401244	-0.012557491	-0.101829045	0.027477879	-0.00250331	-0.055522036	-0.089591514	0.043079134	-0.022360808	-0.117468263	-0.034079632	-0.000925755	0.010768998	-0.123189771	0.045059484	0.088567415	0.00266124	-0.053374569	0.060464828	-0.005806062	-0.06288532	0.088144033	-0.066279634	-0.054679858	-0.088629501	-0.012499922	-0.10516368	-0.107576796	-0.050058704	-0.028307131	0.031507577	-0.0279731	-0.124805172	0.039031904	-0.018038608	0.07477556	-0.049338791	0.008110762	-0.057952384	0.019258676	0.149261473	-0.048375166	-0.052263064	-0.012795302	0.062308371	-0.023563801	-0.00184305	-0.034550343	0.016605692	-0.029582029	-0.047745124	0.091882388	0.115512452	-0.025910321	0.060794151	-0.028686363	-0.145865976	-0.039747615	-0.069621459	0.012367553	0.018622196	0.017954948	-0.089274673	-0.047655257	0.044208063	-0.045478325	0.056460528	0.034878081	-0.029576685	0.014973224	0.049882988	-0.142692684	0.022414403	-0.106864747	0.028385795	0.09555372
CSMB18H.05	-0.128321555	0.039698683	-0.045912576	-0.014150296	1.057568236	-0.079239296	-0.084480963	0.080809466	0.118704444	0.053026552	-0.042388721	0.062365209	-0.076765605	0.058669113	0.069745214	-0.021530239	-0.054825725	0.082140176	0.001228807	-0.033295164	0.010308653	0.023463438	-0.096921648	0.035369893	-0.034307401	0.036223266	-0.100860281	0.060107611	0.024167771	0.011665498	0.009404209	0.099141562	-0.015048688	-0.045900623	0.059594758	0.017736656	-0.015795301	0.02449747	0.009119579	-0.05387683	-0.015460083	0.037364623	-0.060994218	-0.075405458	-0.065294836	-0.097578411	-0.023698964	-0.044403277	0.007988692	0.08253324	-0.017804663	-0.053062436	-0.03703757	-0.016707775	-0.071717982	-0.015114517	0.012303871	0.067418782	-0.019034313	0.093045083	0.074077189	0.008844594	-0.030641338	-0.074437835	-0.04766538	0.002238047	0.058182518	-0.124518435	-0.019531108	0.057253464	-0.033498004	-0.000197872	-0.037144373	-0.094610524	-0.125878783	-0.102120495	-0.016244776	-0.068237724	-0.019412653	-0.01175463	0.034384965	-0.0714072	-0.054610672	0.096112062	-0.04771552	-0.012521998	0.007857107	-0.040135528	0.001591086	-0.027234578	0.059078542	-0.13826935	-0.014110581	-0.090606731	-0.006154529	0.169633589
CSMB18H.06	0.025129947	-0.110795709	-0.048008441	-0.066950115	-0.079239296	0.994355751	-0.049264523	0.024099579	-0.063867157	-0.083092864	0.006992365	-0.030061216	0.075226025	-0.00373613	-0.014647825	-0.037938001	-0.001065836	0.005716614	-0.000987594	-0.019603085	-0.127280063	0.050587876	0.124276145	0.022843666	0.007078082	-0.075242858	-0.016664565	0.045150051	0.093895883	0.037013518	-0.088254545	-0.053205338	0.009469857	0.027086595	-0.042836395	-0.072443576	-0.01726035	0.018824812	-0.015001961	-0.007402741	0.071683737	-0.124698206	0.105644382	0.005466421	0.028998315	-0.011238256	0.108853773	0.021464118	-0.023972961	0.051938987	-0.107045724	-0.091723138	-0.004740517	-0.147137522	-0.018711764	-0.011226264	-0.043851342	-0.057543671	0.031150946	-0.058405931	-0.048377656	-0.001009237	0.046617814	-0.108461705	-0.094042626	0.099692944	0.020541309	0.025571178	-0.000189286	-0.000792919	-0.00557088	-0.007361388	-0.03318171	0.092514863	-0.007271784	-0.058841314	0.147625117	-0.046210683	0.041563688	-0.072713332	0.044263326	0.149256037	0.06798243	-0.02857299	0.103582453	-0.098974706	-0.052298851	-0.10655643	-0.125439741	-0.007020179	-0.049207067	0.054536277	0.004581717	0.023123547	-0.08293602	-0.088457812
CSMB18H.07	0.022992946	0.050573263	-0.011809531	0.041700562	-0.084480963	-0.049264523	1.014556427	-0.093683963	-0.112355223	0.044807411	0.054028197	-0.164137999	0.129095656	0.003139034	0.045599724	-0.06774592	0.002067921	-0.045187082	0.029291639	-0.003786134	0.077082525	0.043835456	0.045782661	-0.049527635	-0.041459915	0.049306293	-0.10312197	-0.103903864	0.039481025	-0.007550879	0.013877046	-0.068995309	0.037781892	0.101257558	-0.005747735	-0.089223488	-0.105913608	-0.089895662	0.056165412	0.082287557	0.012957675	-0.051261948	0.054630874	-0.026564473	0.003605909	0.057305858	-0.059869717	-0.079562357	0.001562649	-0.058209585	0.019276814	-0.068939218	-0.020643378	-0.024987335	-0.137611683	-0.004855717	-0.007974509	-0.034459285	-0.08045123	0.049584046	0.109305872	-0.030431464	-0.0239588	-0.04910509	0.042629259	-0.012269514	0.050299914	-0.070297691	0.070746606	-0.019750634	-0.064243553	-0.038609603	-0.049486042	-0.046251839	0.039391881	-0.011643277	0.013604127	0.005702165	0.053881637	-0.070061314	-0.024130577	0.017765073	-0.020916978	-0.089679857	0.049604222	-0.1228708	-0.04456497	0.041781405	0.281944406	-0.064452854	0.0368878	-0.035729433	-0.064482283	-0.110275972	-0.022426871	-0.053526054
CSMB18H.08	0.07933526	-0.089251777	0.046963878	0.056305502	0.080809466	0.024099579	-0.093683963	0.912368272	0.061550568	0.012764903	-0.049546107	-0.011509231	-0.002138661	0.075864065	-0.06406088	-0.103478502	0.039058224	-0.058005474	0.11261636	-0.04710003	-0.064273906	-0.048645757	0.010442423	0.074541128	-0.002707105	0.026595292	-0.019066727	0.055677773	0.021706975	-0.053190398	0.038559286	0.025656295	0.025474184	0.003042373	-0.012407338	0.05627051	0.053863166	-0.049189215	-0.014163292	-0.060613195	0.031193118	-0.011622103	-0.113807901	-0.000339537	0.014292006	-0.019149826	-0.032415449	-0.038132196	-0.00517081	-0.014966923	0.00591797	0.023959404	0.017493951	-0.063076512	-0.021404151	-0.010301171	0.020463913	-0.026461588	-0.010383998	-0.078378091	0.005179677	-0.058346044	-0.06044071	0.047655347	-0.040453759	-0.021510542	-0.065395117	0.046746751	-0.075291523	-0.028094512	-0.04524739	0.101469269	0.031746221	-0.034422115	0.020275034	-0.049496744	-0.025721615	-0.008674535	0.0035478	-0.033614735	-0.049756651	0.025411937	-0.033401938	-0.004141888	0.037707249	-0.195388494	-0.095261468	0.051298805	-0.087257475	0.057073036	-0.126714907	-0.081191469	0.119479546	-0.014791488	-0.037810913	0.011430147
CSMB18H.09	-0.051814207	-0.051452179	-0.006854755	0.001534429	0.118704444	-0.063867157	-0.112355223	0.061550568	0.98234112	0.046729197	-0.096851105	0.093599178	-0.183785845	-0.04339802	-0.058077295	0.102945719	0.066625107	0.067617882	0.094319887	-0.062158608	0.021410104	0.029962991	0.002112958	0.049792881	0.024791371	-0.070283825	0.003345163	-0.055076089	-0.025785836	0.000845556	-0.094282622	-0.04609114	-0.081364447	-0.177159395	0.075174151	0.009034925	-0.017199048	-0.011515594	-0.055933951	-0.070663587	-0.053120978	0.087070929	-0.095507757	-0.016338276	-0.037409673	-0.016462675	-0.099086145	0.061600174	-0.084572615	0.24963425	-0.008085529	0.085632176	0.002791853	0.027593006	0.064299657	0.034690605	-0.098106044	0.056816986	-0.012079947	-0.076064305	0.007564401	-0.003363929	-0.004102273	-0.033170866	-0.016021848	0.057440504	0.047690084	-0.00033222	0.025242315	-0.057524537	-0.054284787	-0.108936907	0.08902625	-0.069927647	0.069904156	-0.02516707	-0.09222371	0.000199317	-0.079422932	-0.00988195	0.019553075	-0.137837137	-0.065767633	0.005241593	-0.061064541	-0.002451878	0.061700862	-0.114811697	-0.070418101	0.054193164	0.049358968	-0.131266385	-0.027083591	0.016632893	0.039395004	0.088096433
CSMB18H.10	-0.035141403	-0.037797227	-0.017464715	0.045975312	0.053026552	-0.083092864	0.044807411	0.012764903	0.046729197	0.958826137	-0.059591577	-0.044578361	-0.101189674	-0.045559726	0.115356498	-0.128821574	0.050826405	-0.007482593	0.042700813	0.002659872	0.138034487	-0.004588363	0.077147312	-0.011763091	-0.082200381	0.012973066	-0.034176693	-0.017313546	-0.023191491	-0.053948848	-0.024082573	0.09681982	-0.069174816	0.095195552	0.034090428	0.017556923	-0.0455669	-0.056345425	0.105777361	-0.017701847	-0.095598045	0.019254785	-0.116803393	0.012998908	0.037038863	0.018068941	-0.066129022	-0.027912791	-0.09205312	-0.031946754	0.093951015	0.051733844	-0.070796693	-0.049343877	-0.020484293	-0.030860823	-0.030207752	-0.012839058	0.088112354	-0.002271504	0.099361269	-0.02931001	-0.076445998	-0.077691088	0.109935956	-0.121507664	0.0831458	-0.057865988	-0.009638744	-0.10665353	-0.057451822	-0.023677604	-0.077737913	-0.020519965	0.031587909	0.038762092	0.003801614	-0.040998175	-0.029749465	-0.033890998	0.0243487	-0.020311139	0.064477218	-0.046840538	-0.14456663	0.025005757	-0.099371116	-0.047600834	-0.008091898	-0.021076409	-0.007311011	-0.010822472	-0.008278631	-0.088524011	0.08351274	0.003940987
CSMB18H.11	-0.022551894	-0.137674599	0.023370645	-0.136386823	-0.042388721	0.006992365	0.054028197	-0.049546107	-0.096851105	-0.059591577	0.995406725	0.068344541	0.026019941	-0.085406194	-0.050335712	-0.005185259	-0.04426639	0.032870728	-0.062660625	0.065194441	0.067887969	0.041900407	-0.073486665	-0.021046251	0.029572291	0.059120666	-0.091038373	-0.011407862	-0.066799112	0.080333682	0.005197212	-0.001336213	-0.075177046	-0.038847994	0.01287179	-0.020603669	-0.018279674	0.098603818	-0.029195623	0.023996856	-0.059446596	0.044529471	-0.009783159	0.001858729	-0.045576681	-0.010133147	0.039149547	0.029176736	-0.00511155	0.021464926	0.058016203	-0.007024508	-0.009286397	-0.001626841	0.101473832	-0.035649864	0.085356466	-0.051712477	-0.045188544	0.012506702	-0.102317382	-0.025288966	0.000366635	-0.062795012	-0.080475215	-0.117026103	0.027410173	0.064012859	-0.095717831	0.005876505	0.019583739	-0.088880899	0.012233291	-0.07896914	-0.073743508	0.07413934	-0.003037853	0.030841698	0.061123626	-0.082448167	0.000761663	0.038956966	0.015614935	-0.03693737	0.002959581	-0.042319214	0.107283733	-0.005034205	0.120822688	-0.101893956	-0.052803388	0.106641732	-0.074317724	-0.044153653	-0.014010625	-0.088647817
CSMB18H.12	0.040787152	0.065870555	0.002158981	-0.017172568	0.062365209	-0.030061216	-0.164137999	-0.011509231	0.093599178	-0.044578361	0.068344541	1.022163318	-0.16865778	-0.13102642	-0.037190531	-0.00420744	-0.017992909	0.016348985	0.025675516	-0.024774905	-0.127140522	0.045061488	0.063226674	0.055558958	-0.09045978	-0.089492638	-0.023149036	-0.043478963	-0.079492025	-0.03575055	-0.010077086	0.015484826	0.026264168	-0.051566494	-0.023737703	0.148065678	0.079371017	0.081697257	-0.043199899	-0.060792764	0.041799466	0.040537219	0.043453851	-0.06342053	-0.066118743	-0.102848415	0.038508232	0.08826563	-0.060372549	0.090133461	-0.09844059	-0.031461347	0.00113695	0.017665027	-0.07048419	0.132519223	-0.079573398	-0.005358555	-0.044645364	-0.031030687	-0.08496803	0.052305061	-0.006660585	-0.010976356	-0.038529774	0.035427486	-0.167683101	-0.043223634	-0.083519575	-0.056885695	0.070360054	0.023077957	-0.028742602	0.016356973	0.030248987	0.010300405	0.029843584	0.059380206	0.023000468	-0.114501673	0.043455598	0.01979135	-0.018692226	0.072134735	-0.013584842	-0.056378934	-0.000248231	-0.076782099	-0.033794036	0.050171469	-0.038559519	-0.028355943	-0.062713064	-0.043060005	0.050991439	-0.043487896
CSMB18H.13	0.085320098	-0.06158713	-0.045020953	-0.085700882	-0.076765605	0.075226025	0.129095656	-0.002138661	-0.183785845	-0.101189674	0.026019941	-0.16865778	1.106678385	0.036836913	-0.062882339	-0.037518587	-0.095245335	0.042417337	-0.034730307	-0.083142106	-0.128989491	0.098952494	0.076240403	-0.057166999	0.021033964	-0.001537439	-0.113421183	-0.102555355	0.071650922	0.007950392	-0.016534745	-0.097315461	0.025064577	0.161225816	-0.069865666	-0.057365949	-0.059306522	-0.084164963	0.032658271	-0.081063955	0.141367776	-0.043683342	0.133189707	-0.041500962	0.083049642	-0.040582397	0.149526077	0.040109098	0.088763158	-0.069242813	0.008041362	-0.040829887	-0.088855167	-0.094407923	0.046281034	-0.068252649	0.092079838	-0.055461071	-0.05882029	0.017182706	-0.025554378	-0.038532254	-0.086706674	-0.014170444	-0.181389407	0.046736817	0.048565407	0.007777492	0.006772102	0.132488183	0.026453133	0.03250522	-0.051744256	-0.05149349	-0.105283226	0.079128021	0.110411786	0.253473351	-0.006264816	0.032938533	-0.138047395	0.034158526	-0.021439057	-0.065641502	0.003518305	-0.143700442	-0.143202424	0.124307161	0.105897803	0.026571904	-0.035571786	-0.030095639	-0.005458044	0.004019273	-0.134530777	-0.043417067
CSMB18H.14	0.007047213	-0.05799094	-0.062727623	-0.042265729	0.058669113	-0.00373613	0.003139034	0.075864065	-0.04339802	-0.045559726	-0.085406194	-0.13102642	0.036836913	1.03665681	-0.020978155	0.105956536	-0.016122807	0.049683827	0.068992389	-0.058052307	-0.036817337	0.081323957	-0.07715248	-0.059402724	-0.092351862	0.045734744	0.00218012	0.025590376	0.384193435	0.005815551	0.043499297	-0.045933386	0.054743748	-0.053067133	0.021918084	-0.024506703	-0.073773905	-0.102990647	-0.027306175	0.008661932	0.050910756	-0.023846389	-0.000639151	-0.036915415	-0.031988482	-0.008213448	-0.012292026	-0.079369363	0.035404348	0.063115566	-0.047714271	-0.027407821	-0.066958431	0.011720431	0.013243167	-0.099514418	0.030858734	-0.017275538	0.02423266	0.005585712	0.064041139	-0.03521561	-0.024049536	-0.019958225	-0.090961301	-0.006190501	-0.008630891	-0.010558927	-0.03762221	0.006015314	-0.078079191	0.008459209	0.022482946	0.031555811	-0.08512593	-0.055233946	0.106028719	0.075922073	-0.054334327	0.069739707	-0.180455898	-0.063054555	-0.001269218	0.054634876	-0.099266902	-0.036588828	-0.044586955	-0.053788341	-0.01199851	0.106370307	0.014711287	-0.049748995	0.068703069	-0.116477782	-0.100222105	-0.118500421
CSMB18H.15	0.049170565	0.08917815	-0.034153052	0.137418276	0.069745214	-0.014647825	0.045599724	-0.06406088	-0.058077295	0.115356498	-0.050335712	-0.037190531	-0.062882339	-0.020978155	1.01437327	-0.077737535	-0.072442919	0.095129297	-0.020454045	0.035862465	0.038873813	-0.028491344	-0.010901848	-0.066670231	-0.063198208	-0.106059711	-0.03981244	0.133412604	-0.032027363	-0.065254036	0.135261312	-0.026390444	0.05936212	0.045909612	-0.003000329	-0.031522982	-0.030201127	0.045043335	-0.029073018	-0.086216408	0.010795625	0.016866398	0.022814863	-0.103852474	-0.114397311	-0.036517751	-0.040302886	0.08328536	-0.126815952	-0.030206473	0.054695401	0.122464016	-0.078111031	-0.010287336	-0.006669929	0.115777701	-0.037568167	-0.052453535	-0.03436668	0.029377816	0.08911387	0.025544414	-0.087253427	-0.029473341	-0.007737499	-0.076743536	-0.106155584	-0.109061378	0.024312154	0.013210401	-0.150544876	0.044641737	-0.174079061	-0.066240543	-0.011920309	-0.078204717	0.020418675	-0.021549258	0.048478483	0.026947922	-0.10205053	0.086693703	0.060873674	-0.08438356	-0.035259811	-0.049430014	-0.071472466	-0.097637144	0.024335925	0.01827104	0.075303528	0.045799031	-0.02755514	-0.054616582	0.11337913	-0.048767394
CSMB18H.16	0.055436862	-0.019153983	-0.069247653	-0.023573281	-0.021530239	-0.037938001	-0.06774592	-0.103478502	0.102945719	-0.128821574	-0.005185259	-0.00420744	-0.037518587	0.105956536	-0.077737535	1.062893292	-0.016952756	-0.057006575	-0.02249878	0.079595909	-0.056170217	-0.095206456	-0.043362202	-0.066362017	-0.08565587	-0.056357603	-0.036817839	-0.036924458	0.021188478	0.028624876	-0.046521133	-0.008545207	-0.074755359	-0.169590082	-0.021218338	0.107813243	0.038110651	-0.005351082	0.035852331	0.050979411	-0.067620337	0.055567705	0.009951412	-0.065784884	0.086923062	-0.05463179	-0.072015424	-0.042225133	0.015818064	0.002891753	0.028614367	-0.067601564	0.030905645	0.053787618	-0.024411273	-0.00425091	-0.046720128	-0.00034003	-0.006282176	0.016690652	-0.068172518	-0.036813062	0.082096988	-0.069903894	-0.175564095	0.088153653	0.119970569	0.01516981	0.128223276	0.009913788	0.006182055	0.034696636	0.056476695	-0.029671781	0.014086205	-0.022049991	-0.014819151	-0.027976822	0.016462164	0.00363048	0.005654568	-0.156095774	-0.006114808	0.051082275	0.038649505	-0.082719238	0.259830789	-0.008977581	-0.068906431	-0.063707861	-0.023206533	0.034344445	-0.023330332	-0.042019067	-0.043944831	-0.047921619
CSMB18H.17	0.037627696	0.064722047	-0.031795834	0.002139271	-0.054825725	-0.001065836	0.002067921	0.039058224	0.066625107	0.050826405	-0.04426639	-0.017992909	-0.095245335	-0.016122807	-0.072442919	-0.016952756	0.996830523	-0.033611388	0.003395415	0.010623644	0.041437454	0.019827503	0.042429751	-0.038001335	-0.050075892	-0.012394078	0.018048891	-0.005938867	-0.054509999	-0.074991083	-0.045924126	0.04561974	0.061319435	-0.028832992	-0.024763959	0.068207965	-0.096466443	-0.089844723	-0.00438496	-0.035501353	-0.02494752	-0.059392337	-0.124953555	-0.005695935	-0.010610701	0.012404089	0.041344712	-0.051227697	-0.047922762	0.045563102	0.038784287	-0.074824668	-0.029022259	0.042292979	-0.038433625	0.039251926	-0.063263474	-0.029248639	-0.061330102	0.025961719	0.113365891	-0.046232514	-0.066062814	0.031106985	0.049709876	-0.011047173	0.036011861	-0.050655216	-0.058480152	-0.128766049	-0.028109174	0.034180087	0.036651085	0.04195287	-0.041528822	-0.018440335	-0.15905835	0.037658551	-0.086230288	0.116851311	-0.02972108	-0.039409653	0.006416125	0.04396335	-0.011256125	-0.025808079	-0.024008796	-0.163644747	-0.038372249	-0.072111039	-0.021209757	0.05992456	0.055560666	0.102761002	-0.000913422	0.010406474
CSMB18H.18	0.028381458	-0.064305836	0.023635837	-0.061499017	0.082140176	0.005716614	-0.045187082	-0.058005474	0.067617882	-0.007482593	0.032870728	0.016348985	0.042417337	0.049683827	0.095129297	-0.057006575	-0.033611388	1.148475243	0.054474014	-0.118517194	-0.033986043	0.041381565	-0.074386926	-0.107378002	0.072038025	-0.043273732	0.129914746	0.121706608	0.047307264	0.095427777	-0.105189433	-0.158640127	-0.037704244	-0.008643116	-0.058219528	-0.05967541	-0.051097846	0.216178603	-0.049588001	-0.080387181	0.022277013	-0.06067689	0.070239105	-0.052225177	-0.015766165	-0.027981793	-0.07086812	0.066372	-0.087361141	0.060454225	-0.118284905	-0.029190067	-0.034377499	-0.117702667	0.143901898	-0.008001602	-0.050135301	-0.105695832	-0.027458968	0.110273785	0.01732584	0.063418134	-0.133131145	-0.055085759	0.008810672	0.020479979	0.024212347	-0.035553547	-0.016049727	-0.113491779	-0.045215839	-0.04248821	-0.073206024	-0.085219241	0.001486804	-0.020630605	0.040450609	0.012337019	-0.054605658	-0.073350385	-0.145785173	-0.0163809	0.072389619	-0.006503694	-0.010133843	0.060065068	0.054257856	-0.151190567	0.029220366	-0.012386028	-0.013140216	-0.015885699	-0.081497437	0.049140121	-0.019552656	-0.049883232
CSMB18H.19	-0.02698729	-0.054289251	0.053007445	-0.046476517	0.001228807	-0.000987594	0.029291639	0.11261636	0.094319887	0.042700813	-0.062660625	0.025675516	-0.034730307	0.068992389	-0.020454045	-0.02249878	0.003395415	0.054474014	0.955032919	-0.052430643	0.077177561	0.012742492	0.108925793	0.058814483	-0.048004897	-0.068468193	0.072932965	-0.116347748	0.056182559	-0.141346089	0.030105959	0.037727542	-0.061235707	0.0232918	0.016509494	0.020549654	-0.115614726	-0.095504216	-0.010060203	-0.046025301	-0.072782501	-0.126876027	-0.031507926	-0.026769964	0.084434398	-0.008703905	-0.116760155	0.017084989	0.000257516	0.016929859	0.036129728	0.062622075	0.072684502	-0.054915499	0.103207965	-0.064648631	-0.029191664	-0.018778261	-0.015653124	-0.060138309	-0.017481585	0.018321356	-0.099154877	-0.057078145	-0.112253496	-0.137849081	0.052645344	0.011324858	0.018915885	0.032724546	-0.009640619	0.053454692	-0.06119115	-0.071032007	0.065506639	0.022249558	0.038303643	-0.107598645	0.078545961	0.048614917	-0.126178442	-0.04357529	0.113603764	-0.10416831	-0.150323764	-0.013418078	-0.00964854	-0.025063451	-0.022425684	-0.021560871	0.074632921	-0.062002948	0.005281047	-0.00536808	-0.032717491	-0.044887494
CSMB18H.20	-0.022492638	-0.034488371	-0.049623233	0.106252924	-0.033295164	-0.019603085	-0.003786134	-0.04710003	-0.062158608	0.002659872	0.065194441	-0.024774905	-0.083142106	-0.058052307	0.035862465	0.079595909	0.010623644	-0.118517194	-0.052430643	1.047244066	0.069416412	-0.181077364	0.01103527	0.005967608	0.076992043	0.005333797	-0.113901141	0.042889056	-0.007210262	-0.02693099	-0.042960342	0.186016401	0.070557309	-0.032583717	0.090816502	-0.010151575	0.023092781	0.093380619	0.077327276	-0.056936012	0.04056604	0.086840045	-0.053803605	-0.004747803	0.001547513	-0.062732405	0.014643987	-0.090625803	-0.044693205	-0.067122943	0.063636417	-0.09353326	-0.056120397	0.104201679	-0.061861836	-0.05067474	-0.045967884	0.050187635	-0.112931397	-0.090836024	-0.108167984	-0.055538047	0.019009917	-0.015459555	0.005851227	0.039518328	-0.024631033	-0.023058871	-0.025230652	-0.069719498	-0.016389354	0.066908483	0.012612831	0.009475448	-0.029956758	-0.094444544	-0.146738912	0.019729524	0.048141886	0.008370648	0.065273009	-0.004595267	-0.18091305	-0.008859525	0.013216846	-0.068970968	0.043781844	-0.00276646	-0.067578939	0.017003895	0.055963428	-0.032152419	0.006010474	-0.078498546	0.056876525	-0.059507564
CSMB18H.21	-0.044248638	-0.019338195	0.001691671	0.074401244	0.010308653	-0.127280063	0.077082525	-0.064273906	0.021410104	0.138034487	0.067887969	-0.127140522	-0.128989491	-0.036817337	0.038873813	-0.056170217	0.041437454	-0.033986043	0.077177561	0.069416412	0.957208108	-0.067999384	-0.045113512	0.015115971	0.023879257	0.01157023	-0.072501242	0.023257974	-0.03459082	0.014328369	-0.060970397	0.081044281	-0.086802454	-0.009210562	0.008798869	0.041383321	-0.061855648	-0.020544145	0.066622845	0.065245765	-0.116077505	-0.049103334	-0.063622026	-0.058257893	0.001886652	-0.048605055	-0.132990965	-0.063011059	-0.079446265	-0.074837311	0.126840613	0.016548348	-0.068632618	-0.007216858	0.037314823	-0.056161019	-0.004980817	-0.021813065	-0.007796157	0.094420134	0.095983313	-0.122973712	0.0427821	-0.00092531	0.001101247	-0.088250892	0.122113849	0.040042579	-0.022590153	-0.109558187	-0.035092846	-0.081727082	-0.049151959	-0.08915717	-0.019302946	-0.036510349	-0.100788047	-0.125453851	0.009816473	0.036168627	-0.03252211	-0.03616821	-0.062996803	0.018414774	0.006126761	0.093036597	0.101520565	0.046384365	-0.066560237	0.048707208	-0.010448303	-0.02228002	-0.011764693	-0.104753189	0.094441716	0.081003323
CSMB18H.22	0.064516871	-0.00337225	0.038708868	-0.012557491	0.023463438	0.050587876	0.043835456	-0.048645757	0.029962991	-0.004588363	0.041900407	0.045061488	0.098952494	0.081323957	-0.028491344	-0.095206456	0.019827503	0.041381565	0.012742492	-0.181077364	-0.067999384	1.157143092	-0.013542466	-0.079127051	0.002703841	-0.063612577	0.025582844	-0.150942697	-0.009479425	-0.095800532	0.029535018	-0.244252694	-0.014522684	0.034380595	0.046626525	0.028359624	-0.09576099	-0.027946596	-0.169605437	-0.032332171	0.125060848	-0.020518195	-0.003743016	-0.073683877	0.031173115	0.00110157	-0.039444414	0.036253047	-0.019067886	0.082962872	-0.087195624	0.0604771	-0.003205193	-0.142658317	-0.008905427	0.088135457	-0.012129351	0.115976486	0.072140127	0.000295921	-0.011400433	0.105851275	-0.118378643	0.003070444	-0.049990232	0.026335296	0.026879369	0.042129684	-0.077338575	0.025904813	-0.019123546	-0.08786226	-0.137891468	0.051458621	-0.079069719	0.028037745	0.073216323	0.050346786	0.030341061	0.039760081	-0.179919225	-0.086455423	0.124346728	-0.054993091	-0.071718179	-0.052465116	-0.092339279	-0.090973418	0.04907483	0.025615988	-0.139820344	0.031612728	-0.095419119	0.038270103	0.049464685	-0.034915753
CSMB18H.23	-0.039219956	-0.026424683	-0.027045896	-0.101829045	-0.096921648	0.124276145	0.045782661	0.010442423	0.002112958	0.077147312	-0.073486665	0.063226674	0.076240403	-0.07715248	-0.010901848	-0.043362202	0.042429751	-0.074386926	0.108925793	0.01103527	-0.045113512	-0.013542466	1.005144951	0.010528143	0.049920424	0.023954586	-0.044738755	-0.042519576	-0.100610192	0.051611194	-0.066025139	-0.014764245	-0.034516733	0.097080189	-0.071292608	-0.094211375	-0.094132245	-0.01869473	0.052669046	-0.009771945	0.09189906	-0.072643407	-0.026244398	-0.003803274	0.015050705	-0.064242193	0.021228687	-0.038260153	-0.076439871	0.015704105	0.039097753	-0.057476413	0.110253616	-0.004621271	-0.100248598	0.043479832	-0.05985979	-0.05487622	0.025865634	-0.095659634	-0.022461827	0.01442777	-0.049128037	-0.053190944	0.073792438	0.007556713	-0.016915945	-0.118816051	-0.066259758	-0.057053835	-0.094024934	-0.014962946	-0.027232301	0.008604574	0.052085055	-0.036058312	-0.0133795	-0.035660591	0.342796852	-0.016168786	0.039807436	0.035152494	0.123002558	-0.121034848	-0.069756952	-0.014351758	-0.009512294	0.000896284	-0.067850128	0.02809636	0.011541729	0.002013068	0.008985962	-0.080596617	-0.12673085	-0.01011468
CSMB18H.24	-0.116570786	0.08763577	-0.06204312	0.027477879	0.035369893	0.022843666	-0.049527635	0.074541128	0.049792881	-0.011763091	-0.021046251	0.055558958	-0.057166999	-0.059402724	-0.066670231	-0.066362017	-0.038001335	-0.107378002	0.058814483	0.005967608	0.015115971	-0.079127051	0.010528143	1.133200288	0.020049866	0.030479805	-0.050892579	-0.039570691	-0.075350779	-0.109125834	-0.099301491	0.040096931	-0.063085926	0.085352712	0.104822099	0.00738829	-0.058473918	-0.007855039	0.095933342	0.129518094	-0.093134277	0.057913175	-0.064257969	-0.082643106	-0.001292687	-0.023035694	-0.021920709	-0.069967885	0.011080777	-0.056811073	-0.008019078	0.007525835	0.04931197	0.036791202	-0.015351679	0.028955052	0.004240547	0.193829735	-0.054356452	-0.121989089	-0.179580172	-0.123768711	0.065153659	-0.082962118	-0.094619228	-0.04411883	-0.048568253	0.054999606	0.051107831	-0.022491042	0.011257598	-0.030324119	0.021643217	-0.072036857	0.036563867	0.061100419	-0.123343536	-0.01280267	-0.021075179	-0.062019558	0.056083319	-0.016445793	-0.022982659	0.024413716	0.013870477	-0.043336706	0.062594925	0.061901743	-0.016464073	-0.051501946	-0.042914064	0.019660644	-0.053852597	-0.04178539	-0.020720173	0.039811333
CSMB18H.25	0.07829397	-0.085882837	-0.000386901	-0.00250331	-0.034307401	0.007078082	-0.041459915	-0.002707105	0.024791371	-0.082200381	0.029572291	-0.09045978	0.021033964	-0.092351862	-0.063198208	-0.08565587	-0.050075892	0.072038025	-0.048004897	0.076992043	0.023879257	0.002703841	0.049920424	0.020049866	0.970225084	0.003020415	0.041548065	0.015752881	-0.131881512	0.009702173	-0.096968519	-0.061887063	0.013528962	-0.081031544	0.046517166	-0.109137639	-0.016689878	0.107599815	0.035831576	-0.035573577	0.009187476	0.019418592	0.014667177	-0.035810583	-0.093032288	-0.012890385	-0.008657515	0.07130752	-0.046098574	-0.046266927	-0.042342568	-0.009517814	-0.107283097	0.080257715	0.033924272	-0.029072115	-0.077002738	0.081562216	-0.04008164	-0.046138917	-0.127551242	0.019957111	0.023210056	-0.119025649	0.032570261	-0.038181433	-0.01508932	0.027064749	0.060794094	-0.076093223	0.011609982	0.001168526	-0.024287462	-0.066622616	0.039474764	-0.041492396	-0.050348253	-0.05401059	0.04949324	-0.067519809	-0.008044372	-0.064501842	-0.008951955	0.00883917	0.180394274	0.076818766	0.059562319	-0.052144005	0.071494127	-0.01929287	0.002772288	-0.014795346	-0.047518591	0.075628156	-0.076719604	-0.038429207
CSMB18H.26	-0.006063868	0.036134154	0.041682625	-0.055522036	0.036223266	-0.075242858	0.049306293	0.026595292	-0.070283825	0.012973066	0.059120666	-0.089492638	-0.001537439	0.045734744	-0.106059711	-0.056357603	-0.012394078	-0.043273732	-0.068468193	0.005333797	0.01157023	-0.063612577	0.023954586	0.030479805	0.003020415	0.94250576	-0.07558485	-0.068069655	-0.00916793	0.005033478	0.010751817	0.008295191	-0.021388759	0.019130279	-0.080886249	-0.056490792	0.01637348	-0.012250387	-0.068635275	-2.94E-05	0.009485171	-0.085742947	-0.025717455	-0.039409933	-0.036663095	-0.011101134	-0.005068984	-0.032822674	-0.044543975	0.008088211	-0.028808845	0.009193777	-0.037305332	0.106360671	-0.054059383	-0.097902386	0.050156712	0.048240059	0.079790566	-0.012503824	-0.043610692	0.025832007	-0.069608712	0.061212401	0.092036614	-0.005675255	0.03217417	-0.018793556	0.036706463	-0.009020828	0.017013572	-0.036266362	0.020236858	-0.03203811	-0.079950554	-0.045250055	-0.010808631	0.012974448	0.035308503	0.06249187	-0.0130344	-0.007389617	-0.065307365	0.038812636	0.007047599	0.005709116	-0.011119976	0.0585702	-0.017279729	-0.128268381	0.040805594	-0.078071073	0.053906851	-0.042270514	-0.017983491	-0.038682949
CSMB18H.27	0.061215091	0.017721278	0.017848983	-0.089591514	-0.100860281	-0.016664565	-0.10312197	-0.019066727	0.003345163	-0.034176693	-0.091038373	-0.023149036	-0.113421183	0.00218012	-0.03981244	-0.036817839	0.018048891	0.129914746	0.072932965	-0.113901141	-0.072501242	0.025582844	-0.044738755	-0.050892579	0.041548065	-0.07558485	1.031794942	-0.017816385	-0.028892773	0.00463249	0.011688963	-0.04160771	-0.057035926	-0.056648447	-0.006447958	0.050485274	-0.09152005	0.004624297	0.077919025	-0.076206215	-0.02051979	-0.084275252	-0.089683568	0.041583214	-0.071397158	0.100960459	0.108858649	0.050598974	0.011919433	0.02148656	-0.199635422	-0.035491993	-0.050212868	-0.028228383	0.003446174	0.001797061	-0.020606516	-0.147623368	-0.014973067	-0.047523471	-0.01198596	0.006205448	0.011879243	0.039545181	-0.013496101	-0.022801718	-0.019480827	-0.077780225	0.025414484	-0.101267566	-0.015707028	-0.030319147	0.008504536	0.007383149	0.353553787	0.085973694	-0.007686407	0.071395909	-0.120272596	-0.029140678	0.011612655	0.035327085	0.078891851	-0.045449336	0.006172567	0.096201262	-0.068349853	-0.082116511	-0.118907663	-0.003478752	-0.001213978	0.059451084	0.056064368	0.117007163	-0.014833474	-0.078374589
CSMB18H.28	0.021838236	-0.128778759	-0.061766251	0.043079134	0.060107611	0.045150051	-0.103903864	0.055677773	-0.055076089	-0.017313546	-0.011407862	-0.043478963	-0.102555355	0.025590376	0.133412604	-0.036924458	-0.005938867	0.121706608	-0.116347748	0.042889056	0.023257974	-0.150942697	-0.042519576	-0.039570691	0.015752881	-0.068069655	-0.017816385	1.073050918	0.039553281	0.172055918	0.032389826	-0.001921852	-0.024382393	-0.033305477	0.077592554	-0.04714319	0.035737929	0.057824587	0.06229099	0.00724128	0.011477393	-0.056008389	0.030532465	-0.011940491	-0.013983847	-0.061774027	-0.052119448	-0.088027361	-0.010861473	-0.030025653	-0.005770202	-0.099474066	-0.021582133	0.02954531	0.065666556	0.03305853	-0.014705412	-0.09663186	-0.104111969	0.019787908	0.01486954	-0.002144451	0.049196215	0.010048418	-0.033762282	-0.008012034	-0.142518614	-0.049916182	-0.084316091	0.034679074	-0.116919767	-0.009653116	0.011565981	-0.079426056	-0.109139685	-0.029144029	-0.011268094	-0.047384737	0.07247517	0.022660295	-0.082064844	0.094899577	-0.070710956	-0.040417691	0.021237532	-0.085884875	0.088399731	-0.11954152	-0.03603103	0.094054396	0.070370719	-0.019318088	0.057259003	0.009913955	-0.035400842	0.020849643
CSMB18H.29	0.054787665	-0.125108181	0.034684839	-0.022360808	0.024167771	0.093895883	0.039481025	0.021706975	-0.025785836	-0.023191491	-0.066799112	-0.079492025	0.071650922	0.384193435	-0.032027363	0.021188478	-0.054509999	0.047307264	0.056182559	-0.007210262	-0.03459082	-0.009479425	-0.100610192	-0.075350779	-0.131881512	-0.00916793	-0.028892773	0.039553281	0.992828824	0.031271081	0.005351207	0.024509775	0.040089957	-0.023066214	-0.046290176	-0.014505119	-0.081948356	-0.044383585	0.018504699	-0.049184763	0.033679386	-0.073474574	-0.052486972	-0.051632833	0.004787416	-0.02514384	0.052567202	-0.106823216	0.036822248	0.01265964	-0.041764459	-0.06128506	-0.047697848	0.03150995	-0.038994534	-0.053560501	0.00352823	-0.030199648	0.062972219	-0.031568987	0.077949335	-0.102742401	0.059821924	-0.048484772	-0.133541265	0.06931025	0.033997969	0.013004633	-0.046015459	-0.013771906	-0.00040636	-0.090476722	0.037864879	-0.095515606	-0.02525425	0.010685903	-0.02281695	-0.068687965	-0.049313388	-0.017587384	-0.055933359	-0.003934227	-0.032047925	-0.016766816	0.033850384	-0.13063437	-0.043481761	-0.004178495	0.003768052	-0.017738743	0.037390649	0.019072528	0.121300715	-0.069981908	-0.040337588	0.007547661
CSMB18H.30	-0.072591028	-0.213606636	-0.010878792	-0.117468263	0.011665498	0.037013518	-0.007550879	-0.053190398	0.000845556	-0.053948848	0.080333682	-0.03575055	0.007950392	0.005815551	-0.065254036	0.028624876	-0.074991083	0.095427777	-0.141346089	-0.02693099	0.014328369	-0.095800532	0.051611194	-0.109125834	0.009702173	0.005033478	0.00463249	0.172055918	0.031271081	0.971740865	-0.061752408	0.032295884	-0.070871297	-0.034995338	-0.017444368	-0.092632231	-0.000505928	0.036136774	0.247812664	-0.053225504	0.013964232	-0.037971765	-0.004846816	0.00437478	0.046616932	-0.038176307	0.052421369	0.02684954	0.046662757	0.038502463	0.018029491	-0.023422095	-0.067984866	0.014000852	0.01315206	-0.039098006	-0.088932867	-0.07805105	-0.08489605	0.054532722	-0.113289752	-0.089155962	0.071470565	-0.106353297	-0.034490935	-0.055249911	-0.007233186	-0.013874244	0.000381173	0.003989749	0.009836586	-0.05572015	0.070815223	0.009471089	-0.047788784	-0.002430429	-0.11069402	-0.013275872	0.040330699	-0.035500025	0.161722166	0.019344349	-0.046424986	0.035059193	0.04182441	-0.002123659	0.157208353	-0.011450006	-0.000877177	-0.009375227	0.008479463	-0.022468719	-0.079420518	-0.032253191	0.038597009	-0.116206457
CSMB18H.31	0.016424147	0.014806204	0.06313251	-0.034079632	0.009404209	-0.088254545	0.013877046	0.038559286	-0.094282622	-0.024082573	0.005197212	-0.010077086	-0.016534745	0.043499297	0.135261312	-0.046521133	-0.045924126	-0.105189433	0.030105959	-0.042960342	-0.060970397	0.029535018	-0.066025139	-0.099301491	-0.096968519	0.010751817	0.011688963	0.032389826	0.005351207	-0.061752408	1.080515989	-0.048543162	0.025829543	0.023585652	-0.090196532	0.031173845	0.11472125	0.029591501	-0.110017419	-0.056815183	0.078778453	-0.049853262	0.000641679	0.086392675	0.022156219	0.14546278	0.02136536	0.14608558	-0.044109322	-0.023301264	0.02949353	0.009118779	-0.012816012	-0.027684659	0.004677508	-0.00423683	-0.0557921	-0.010442341	0.017653497	0.064341254	0.147945858	0.031949199	-0.058766	0.080662105	0.020569344	-0.045848609	-0.183925621	-0.087128701	-0.094239249	-0.001661151	-0.103112291	-0.008718246	-0.093062757	0.06238488	-0.036458509	-0.122077044	0.050686203	0.023837717	-0.01135025	0.003333102	0.027612743	-0.038518397	-0.022829693	-0.002268183	-0.165262838	-0.057543322	-0.130255717	-0.137179916	0.002349113	0.031852046	-0.003826112	0.024301676	-0.03052508	-0.025687805	-0.002463395	-0.002631717
CSMB18H.32	-0.028819916	0.012860847	-0.117709693	-0.000925755	0.099141562	-0.053205338	-0.068995309	0.025656295	-0.04609114	0.09681982	-0.001336213	0.015484826	-0.097315461	-0.045933386	-0.026390444	-0.008545207	0.04561974	-0.158640127	0.037727542	0.186016401	0.081044281	-0.244252694	-0.014764245	0.040096931	-0.061887063	0.008295191	-0.04160771	-0.001921852	0.024509775	0.032295884	-0.048543162	1.086492803	0.030906025	-0.057568211	-0.024666727	0.040607799	-0.032201843	0.023477282	0.096027851	-0.05238013	-0.030356908	0.002658182	-0.022801362	0.003667741	-0.058867906	-0.092694312	-0.086121244	-0.05106592	-0.031262924	0.037003029	0.038659955	-0.031635179	-0.087268796	0.035300042	-0.13068349	0.039373032	0.134306016	0.023790928	-0.089304042	-0.036388486	0.049919187	-0.050541918	0.018966472	-0.000626597	0.021503074	-0.085749515	-0.050152141	-0.118843207	-0.103625848	-0.131226171	-0.059422901	-0.070019608	-0.024546266	-0.001707887	0.031812229	0.000167199	-0.03663841	-0.010191211	0.054366976	-0.049630185	0.103628792	0.005202627	0.057632811	0.045479377	-0.045662642	0.074053992	0.043748054	0.095410386	-0.094068578	-0.023122279	-0.005258493	0.100094478	-0.047623078	-0.180694235	0.073911973	-0.012529569
