  1:	0.747  0.004  0.250	1
  2:	0.410  0.199  0.391	5
  3:	0.557  0.031  0.412	5
  4:	0.405  0.074  0.521	32
  5:	0.486  0.123  0.391	8
  6:	0.547  0.189  0.265	11
  7:	0.027  0.962  0.011	16
  8:	0.025  0.960  0.016	4
  9:	0.019  0.957  0.024	28
 10:	0.025  0.960  0.015	3
 11:	0.022  0.954  0.024	5
 12:	0.011  0.970  0.018	5
 13:	0.015  0.956  0.029	5
 14:	0.592  0.008  0.400	20
 15:	0.585  0.002  0.413	3

  1:	0.189  0.003  0.808	1
  2:	0.289  0.199  0.511	5
  3:	0.396  0.030  0.575	5
  4:	0.474  0.074  0.452	32
  5:	0.360  0.121  0.518	8
  6:	0.269  0.188  0.543	11
  7:	0.017  0.964  0.020	16
  8:	0.017  0.963  0.020	4
  9:	0.019  0.963  0.017	28
 10:	0.010  0.966  0.024	3
 11:	0.021  0.960  0.018	5
 12:	0.014  0.975  0.010	5
 13:	0.028  0.962  0.010	5
 14:	0.340  0.007  0.653	20
 15:	0.392  0.001  0.606	3

  1:	0.077  0.003  0.920	1
  2:	0.211  0.200  0.589	5
  3:	0.282  0.029  0.689	5
  4:	0.416  0.073  0.511	32
  5:	0.347  0.120  0.533	8
  6:	0.221  0.189  0.590	11
  7:	0.005  0.965  0.030	16
  8:	0.012  0.969  0.019	4
  9:	0.017  0.970  0.014	28
 10:	0.010  0.972  0.018	3
 11:	0.016  0.969  0.015	5
 12:	0.010  0.983  0.007	5
 13:	0.025  0.967  0.009	5
 14:	0.339  0.005  0.656	20
 15:	0.273  0.001  0.725	3

  1:	0.005  0.989  0.006	1
  2:	0.096  0.783  0.121	5
  3:	0.013  0.959  0.029	5
  4:	0.049  0.907  0.044	32
  5:	0.066  0.858  0.076	8
  6:	0.113  0.798  0.089	11
  7:	0.907  0.054  0.039	16
  8:	0.579  0.012  0.409	4
  9:	0.499  0.012  0.489	28
 10:	0.568  0.017  0.415	3
 11:	0.483  0.011  0.506	5
 12:	0.473  0.006  0.521	5
 13:	0.503  0.017  0.480	5
 14:	0.009  0.980  0.011	20
 15:	0.002  0.992  0.006	3

  1:	0.988  0.005  0.007	1
  2:	0.782  0.103  0.116	5
  3:	0.960  0.015  0.026	5
  4:	0.907  0.050  0.043	32
  5:	0.858  0.070  0.073	8
  6:	0.797  0.117  0.086	11
  7:	0.057  0.922  0.021	16
  8:	0.011  0.598  0.391	4
  9:	0.012  0.519  0.468	28
 10:	0.019  0.589  0.392	3
 11:	0.012  0.502  0.486	5
 12:	0.007  0.494  0.499	5
 13:	0.019  0.523  0.458	5
 14:	0.979  0.010  0.011	20
 15:	0.993  0.002  0.005	3

  1:	0.990  0.006  0.004	1
  2:	0.783  0.115  0.101	5
  3:	0.960  0.026  0.014	5
  4:	0.909  0.041  0.050	32
  5:	0.860  0.071  0.069	8
  6:	0.797  0.087  0.116	11
  7:	0.055  0.019  0.926	16
  8:	0.011  0.390  0.599	4
  9:	0.012  0.469  0.520	28
 10:	0.018  0.394  0.588	3
 11:	0.010  0.487  0.503	5
 12:	0.006  0.500  0.494	5
 13:	0.016  0.459  0.525	5
 14:	0.982  0.009  0.009	20
 15:	0.993  0.005  0.002	3

  1:	0.988  0.004  0.008	1
  2:	0.783  0.097  0.121	5
  3:	0.959  0.014  0.028	5
  4:	0.907  0.049  0.044	32
  5:	0.858  0.067  0.075	8
  6:	0.797  0.113  0.090	11
  7:	0.053  0.911  0.035	16
  8:	0.012  0.580  0.408	4
  9:	0.011  0.502  0.487	28
 10:	0.017  0.571  0.412	3
 11:	0.012  0.484  0.504	5
 12:	0.007  0.476  0.517	5
 13:	0.017  0.505  0.478	5
 14:	0.980  0.009  0.011	20
 15:	0.993  0.002  0.005	3

  1:	0.597  0.003  0.400	1
  2:	0.749  0.200  0.051	5
  3:	0.528  0.028  0.445	5
  4:	0.535  0.074  0.391	32
  5:	0.621  0.121  0.258	8
  6:	0.697  0.190  0.113	11
  7:	0.031  0.964  0.005	16
  8:	0.018  0.966  0.016	4
  9:	0.015  0.966  0.018	28
 10:	0.018  0.970  0.012	3
 11:	0.016  0.963  0.021	5
 12:	0.009  0.979  0.011	5
 13:	0.012  0.964  0.024	5
 14:	0.657  0.006  0.337	20
 15:	0.494  0.001  0.505	3

  1:	0.004  0.106  0.890	1
  2:	0.200  0.310  0.490	5
  3:	0.028  0.385  0.587	5
  4:	0.073  0.435  0.491	32
  5:	0.123  0.358  0.519	8
  6:	0.189  0.246  0.566	11
  7:	0.964  0.009  0.027	16
  8:	0.967  0.015  0.018	4
  9:	0.967  0.018  0.015	28
 10:	0.970  0.012  0.018	3
 11:	0.966  0.019  0.015	5
 12:	0.980  0.012  0.009	5
 13:	0.965  0.025  0.010	5
 14:	0.006  0.382  0.611	20
 15:	0.001  0.356  0.643	3

  1:	0.004  0.006  0.990	1
  2:	0.099  0.117  0.783	5
  3:	0.013  0.027  0.960	5
  4:	0.049  0.042  0.908	32
  5:	0.067  0.073  0.860	8
  6:	0.115  0.087  0.798	11
  7:	0.921  0.024  0.055	16
  8:	0.592  0.397  0.011	4
  9:	0.512  0.478  0.011	28
 10:	0.579  0.404  0.017	3
 11:	0.494  0.495  0.011	5
 12:	0.486  0.508  0.006	5
 13:	0.515  0.468  0.017	5
 14:	0.009  0.011  0.981	20
 15:	0.002  0.005  0.993	3

  1:	0.211  0.786  0.003	1
  2:	0.586  0.216  0.198	5
  3:	0.488  0.482  0.031	5
  4:	0.371  0.555  0.074	32
  5:	0.530  0.349  0.121	8
  6:	0.602  0.209  0.189	11
  7:	0.009  0.028  0.963	16
  8:	0.024  0.017  0.959	4
  9:	0.020  0.022  0.958	28
 10:	0.026  0.014  0.960	3
 11:	0.021  0.023  0.956	5
 12:	0.012  0.017  0.971	5
 13:	0.012  0.029  0.959	5
 14:	0.536  0.457  0.008	20
 15:	0.273  0.726  0.002	3

  1:	0.930  0.002  0.068	1
  2:	0.589  0.197  0.214	5
  3:	0.864  0.030  0.107	5
  4:	0.748  0.073  0.179	32
  5:	0.607  0.115  0.278	8
  6:	0.540  0.189  0.271	11
  7:	0.027  0.965  0.008	16
  8:	0.015  0.967  0.018	4
  9:	0.015  0.968  0.017	28
 10:	0.016  0.972  0.012	3
 11:	0.019  0.967  0.014	5
 12:	0.009  0.981  0.010	5
 13:	0.014  0.967  0.019	5
 14:	0.836  0.005  0.158	20
 15:	0.973  0.001  0.026	3

  1:	0.040  0.003  0.957	1
  2:	0.170  0.199  0.630	5
  3:	0.032  0.034  0.934	5
  4:	0.252  0.072  0.676	32
  5:	0.263  0.119  0.618	8
  6:	0.259  0.190  0.552	11
  7:	0.008  0.965  0.027	16
  8:	0.011  0.970  0.020	4
  9:	0.017  0.969  0.014	28
 10:	0.013  0.971  0.016	3
 11:	0.016  0.967  0.017	5
 12:	0.009  0.982  0.009	5
 13:	0.019  0.967  0.014	5
 14:	0.211  0.006  0.783	20
 15:	0.031  0.001  0.968	3

  1:	0.006  0.989  0.005	1
  2:	0.117  0.781  0.101	5
  3:	0.027  0.960  0.013	5
  4:	0.043  0.906  0.050	32
  5:	0.073  0.858  0.069	8
  6:	0.087  0.797  0.115	11
  7:	0.020  0.055  0.925	16
  8:	0.394  0.011  0.595	4
  9:	0.473  0.011  0.516	28
 10:	0.395  0.020  0.585	3
 11:	0.492  0.012  0.497	5
 12:	0.503  0.006  0.491	5
 13:	0.463  0.017  0.520	5
 14:	0.011  0.980  0.009	20
 15:	0.005  0.992  0.002	3

  1:	0.006  0.989  0.005	1
  2:	0.115  0.783  0.102	5
  3:	0.026  0.961  0.013	5
  4:	0.041  0.909  0.050	32
  5:	0.072  0.859  0.069	8
  6:	0.086  0.797  0.117	11
  7:	0.018  0.055  0.927	16
  8:	0.388  0.012  0.600	4
  9:	0.467  0.012  0.521	28
 10:	0.393  0.018  0.589	3
 11:	0.486  0.010  0.503	5
 12:	0.498  0.006  0.496	5
 13:	0.458  0.017  0.526	5
 14:	0.010  0.981  0.009	20
 15:	0.005  0.993  0.002	3

  1:	0.003  0.957  0.040	1
  2:	0.200  0.591  0.209	5
  3:	0.034  0.850  0.116	5
  4:	0.073  0.688  0.239	32
  5:	0.116  0.503  0.382	8
  6:	0.188  0.461  0.351	11
  7:	0.964  0.006  0.030	16
  8:	0.968  0.018  0.014	4
  9:	0.968  0.015  0.017	28
 10:	0.972  0.014  0.014	3
 11:	0.967  0.018  0.015	5
 12:	0.981  0.010  0.009	5
 13:	0.966  0.015  0.019	5
 14:	0.005  0.690  0.304	20
 15:	0.001  0.917  0.082	3

  1:	0.002  0.618  0.380	1
  2:	0.200  0.256  0.543	5
  3:	0.029  0.193  0.778	5
  4:	0.074  0.379  0.547	32
  5:	0.122  0.212  0.666	8
  6:	0.189  0.271  0.540	11
  7:	0.964  0.004  0.032	16
  8:	0.967  0.015  0.017	4
  9:	0.967  0.016  0.017	28
 10:	0.972  0.013  0.015	3
 11:	0.964  0.020  0.016	5
 12:	0.981  0.010  0.009	5
 13:	0.967  0.015  0.018	5
 14:	0.006  0.441  0.553	20
 15:	0.001  0.172  0.827	3

  1:	0.003  0.084  0.913	1
  2:	0.198  0.122  0.679	5
  3:	0.030  0.373  0.598	5
  4:	0.073  0.458  0.469	32
  5:	0.120  0.320  0.560	8
  6:	0.188  0.175  0.636	11
  7:	0.964  0.010  0.026	16
  8:	0.965  0.014  0.021	4
  9:	0.964  0.020  0.016	28
 10:	0.967  0.015  0.018	3
 11:	0.963  0.020  0.018	5
 12:	0.977  0.013  0.009	5
 13:	0.964  0.024  0.012	5
 14:	0.006  0.321  0.673	20
 15:	0.001  0.368  0.630	3

  1:	0.006  0.004  0.990	1
  2:	0.115  0.101  0.783	5
  3:	0.026  0.013  0.961	5
  4:	0.041  0.049  0.909	32
  5:	0.071  0.069  0.860	8
  6:	0.086  0.115  0.798	11
  7:	0.019  0.927  0.053	16
  8:	0.391  0.600  0.010	4
  9:	0.469  0.521  0.010	28
 10:	0.394  0.588  0.019	3
 11:	0.489  0.503  0.008	5
 12:	0.500  0.495  0.006	5
 13:	0.458  0.522  0.020	5
 14:	0.010  0.009  0.982	20
 15:	0.005  0.002  0.993	3

  1:	0.006  0.989  0.005	1
  2:	0.115  0.783  0.102	5
  3:	0.026  0.960  0.014	5
  4:	0.041  0.909  0.050	32
  5:	0.071  0.861  0.068	8
  6:	0.086  0.798  0.116	11
  7:	0.020  0.055  0.925	16
  8:	0.391  0.011  0.598	4
  9:	0.469  0.011  0.520	28
 10:	0.394  0.015  0.591	3
 11:	0.486  0.011  0.503	5
 12:	0.498  0.006  0.496	5
 13:	0.458  0.016  0.525	5
 14:	0.010  0.981  0.009	20
 15:	0.005  0.993  0.002	3

