  1:	0.808  0.126  0.003  0.063	1
  2:	0.196  0.023  0.195  0.587	5
  3:	0.331  0.370  0.029  0.270	5
  4:	0.300  0.310  0.072  0.318	32
  5:	0.165  0.200  0.116  0.519	8
  6:	0.378  0.073  0.187  0.362	11
  7:	0.027  0.003  0.963  0.007	16
  8:	0.017  0.011  0.961  0.011	4
  9:	0.013  0.016  0.958  0.014	28
 10:	0.017  0.012  0.961  0.011	3
 11:	0.014  0.017  0.955  0.014	5
 12:	0.008  0.011  0.972  0.009	5
 13:	0.008  0.017  0.959  0.016	5
 14:	0.269  0.276  0.004  0.450	20
 15:	0.438  0.415  0.001  0.146	3

  1:	0.002  0.359  0.037  0.602	1
  2:	0.196  0.470  0.218  0.116	5
  3:	0.028  0.514  0.033  0.426	5
  4:	0.071  0.373  0.240  0.316	32
  5:	0.116  0.178  0.503  0.202	8
  6:	0.186  0.325  0.178  0.312	11
  7:	0.963  0.008  0.013  0.016	16
  8:	0.964  0.010  0.014  0.012	4
  9:	0.962  0.012  0.013  0.013	28
 10:	0.963  0.015  0.011  0.011	3
 11:	0.961  0.011  0.017  0.011	5
 12:	0.977  0.007  0.008  0.009	5
 13:	0.963  0.012  0.012  0.013	5
 14:	0.004  0.511  0.205  0.280	20
 15:	0.001  0.495  0.172  0.332	3

  1:	0.005  0.029  0.959  0.007	1
  2:	0.098  0.190  0.598  0.114	5
  3:	0.015  0.074  0.884  0.027	5
  4:	0.048  0.158  0.753  0.041	32
  5:	0.063  0.258  0.612  0.067	8
  6:	0.111  0.282  0.520  0.087	11
  7:	0.901  0.037  0.033  0.030	16
  8:	0.588  0.009  0.012  0.391	4
  9:	0.508  0.013  0.011  0.468	28
 10:	0.574  0.017  0.015  0.393	3
 11:	0.491  0.012  0.011  0.485	5
 12:	0.486  0.008  0.006  0.500	5
 13:	0.513  0.017  0.012  0.458	5
 14:	0.008  0.127  0.854  0.010	20
 15:	0.002  0.017  0.976  0.006	3

  1:	0.005  0.135  0.006  0.854	1
  2:	0.101  0.146  0.111  0.642	5
  3:	0.013  0.061  0.030  0.896	5
  4:	0.049  0.157  0.040  0.754	32
  5:	0.065  0.261  0.067  0.607	8
  6:	0.115  0.277  0.085  0.524	11
  7:	0.910  0.038  0.020  0.032	16
  8:	0.601  0.008  0.381  0.010	4
  9:	0.523  0.012  0.454  0.011	28
 10:	0.588  0.013  0.382  0.016	3
 11:	0.507  0.008  0.474  0.010	5
 12:	0.501  0.006  0.487  0.006	5
 13:	0.528  0.016  0.445  0.012	5
 14:	0.008  0.190  0.009  0.792	20
 15:	0.002  0.047  0.005  0.945	3

  1:	0.077  0.787  0.133  0.002	1
  2:	0.398  0.342  0.065  0.195	5
  3:	0.172  0.643  0.156  0.030	5
  4:	0.202  0.435  0.292  0.071	32
  5:	0.290  0.236  0.358  0.115	8
  6:	0.124  0.404  0.286  0.186	11
  7:	0.004  0.024  0.011  0.961	16
  8:	0.016  0.017  0.012  0.955	4
  9:	0.016  0.016  0.017  0.951	28
 10:	0.014  0.022  0.012  0.953	3
 11:	0.019  0.016  0.014  0.950	5
 12:	0.015  0.009  0.011  0.966	5
 13:	0.019  0.013  0.015  0.954	5
 14:	0.373  0.397  0.225  0.005	20
 15:	0.128  0.852  0.019  0.001	3

  1:	0.388  0.405  0.205  0.003	1
  2:	0.206  0.229  0.369  0.196	5
  3:	0.433  0.058  0.480  0.028	5
  4:	0.246  0.364  0.319  0.071	32
  5:	0.201  0.190  0.493  0.116	8
  6:	0.187  0.108  0.518  0.186	11
  7:	0.007  0.024  0.007  0.962	16
  8:	0.015  0.010  0.017  0.958	4
  9:	0.015  0.013  0.015  0.957	28
 10:	0.010  0.012  0.019  0.959	3
 11:	0.016  0.014  0.015  0.955	5
 12:	0.009  0.009  0.011  0.971	5
 13:	0.012  0.026  0.007  0.955	5
 14:	0.300  0.261  0.434  0.005	20
 15:	0.341  0.532  0.125  0.001	3

  1:	0.119  0.003  0.855  0.024	1
  2:	0.130  0.194  0.266  0.411	5
  3:	0.510  0.028  0.137  0.325	5
  4:	0.383  0.072  0.330  0.215	32
  5:	0.284  0.117  0.180  0.420	8
  6:	0.100  0.186  0.487  0.227	11
  7:	0.006  0.961  0.030  0.004	16
  8:	0.013  0.953  0.011  0.022	4
  9:	0.018  0.949  0.015  0.017	28
 10:	0.013  0.951  0.020  0.016	3
 11:	0.019  0.946  0.017  0.018	5
 12:	0.015  0.962  0.009  0.014	5
 13:	0.022  0.952  0.012  0.014	5
 14:	0.355  0.006  0.327  0.312	20
 15:	0.406  0.001  0.556  0.037	3

  1:	0.002  0.244  0.556  0.198	1
  2:	0.194  0.252  0.051  0.503	5
  3:	0.028  0.038  0.520  0.413	5
  4:	0.072  0.176  0.394  0.358	32
  5:	0.115  0.283  0.231  0.372	8
  6:	0.185  0.431  0.079  0.305	11
  7:	0.962  0.031  0.003  0.004	16
  8:	0.958  0.016  0.012  0.014	4
  9:	0.956  0.015  0.016  0.014	28
 10:	0.959  0.015  0.012  0.014	3
 11:	0.956  0.012  0.016  0.016	5
 12:	0.970  0.009  0.012  0.009	5
 13:	0.958  0.011  0.020  0.012	5
 14:	0.005  0.242  0.308  0.445	20
 15:	0.001  0.198  0.568  0.233	3

  1:	0.006  0.531  0.007  0.456	1
  2:	0.107  0.138  0.109  0.646	5
  3:	0.012  0.461  0.021  0.505	5
  4:	0.050  0.412  0.040  0.499	32
  5:	0.071  0.310  0.066  0.553	8
  6:	0.119  0.144  0.083  0.654	11
  7:	0.910  0.030  0.020  0.039	16
  8:	0.610  0.010  0.370  0.010	4
  9:	0.532  0.013  0.442  0.013	28
 10:	0.595  0.015  0.369  0.020	3
 11:	0.517  0.013  0.459  0.012	5
 12:	0.511  0.007  0.473  0.008	5
 13:	0.538  0.023  0.431  0.008	5
 14:	0.009  0.378  0.010  0.604	20
 15:	0.002  0.570  0.005  0.423	3

  1:	0.004  0.006  0.150  0.840	1
  2:	0.103  0.108  0.211  0.578	5
  3:	0.014  0.020  0.093  0.872	5
  4:	0.049  0.038  0.189  0.723	32
  5:	0.065  0.065  0.295  0.574	8
  6:	0.117  0.082  0.288  0.513	11
  7:	0.917  0.017  0.035  0.032	16
  8:	0.610  0.372  0.009  0.009	4
  9:	0.533  0.445  0.012  0.010	28
 10:	0.597  0.373  0.016  0.014	3
 11:	0.516  0.465  0.009  0.010	5
 12:	0.512  0.476  0.006  0.007	5
 13:	0.539  0.436  0.012  0.013	5
 14:	0.008  0.009  0.192  0.791	20
 15:	0.002  0.006  0.028  0.965	3

  1:	0.174  0.005  0.815  0.006	1
  2:	0.168  0.104  0.618  0.110	5
  3:	0.266  0.011  0.700  0.023	5
  4:	0.336  0.049  0.577  0.038	32
  5:	0.333  0.066  0.534  0.066	8
  6:	0.130  0.118  0.669  0.083	11
  7:	0.040  0.913  0.027  0.020	16
  8:	0.011  0.606  0.010  0.373	4
  9:	0.012  0.529  0.011  0.448	28
 10:	0.012  0.595  0.020  0.373	3
 11:	0.011  0.513  0.009  0.467	5
 12:	0.007  0.507  0.006  0.480	5
 13:	0.024  0.533  0.007  0.437	5
 14:	0.295  0.008  0.688  0.010	20
 15:	0.113  0.002  0.879  0.006	3

  1:	0.203  0.787  0.004  0.006	1
  2:	0.177  0.607  0.104  0.111	5
  3:	0.266  0.701  0.013  0.020	5
  4:	0.372  0.541  0.049  0.039	32
  5:	0.296  0.568  0.068  0.067	8
  6:	0.192  0.608  0.117  0.083	11
  7:	0.024  0.045  0.911  0.021	16
  8:	0.006  0.012  0.604  0.377	4
  9:	0.012  0.011  0.526  0.452	28
 10:	0.013  0.020  0.587  0.379	3
 11:	0.011  0.009  0.509  0.472	5
 12:	0.007  0.007  0.505  0.482	5
 13:	0.025  0.006  0.529  0.440	5
 14:	0.300  0.681  0.008  0.010	20
 15:	0.275  0.717  0.002  0.005	3

  1:	0.005  0.294  0.697  0.004	1
  2:	0.109  0.112  0.672  0.107	5
  3:	0.024  0.073  0.890  0.012	5
  4:	0.037  0.238  0.677  0.049	32
  5:	0.064  0.299  0.569  0.068	8
  6:	0.082  0.220  0.583  0.115	11
  7:	0.016  0.037  0.029  0.919	16
  8:	0.370  0.008  0.010  0.612	4
  9:	0.444  0.010  0.011  0.535	28
 10:	0.369  0.014  0.018  0.600	3
 11:	0.461  0.009  0.011  0.519	5
 12:	0.475  0.007  0.006  0.513	5
 13:	0.432  0.013  0.014  0.541	5
 14:	0.009  0.207  0.776  0.008	20
 15:	0.005  0.029  0.963  0.002	3

  1:	0.006  0.053  0.004  0.937	1
  2:	0.109  0.182  0.104  0.605	5
  3:	0.022  0.117  0.013  0.848	5
  4:	0.038  0.268  0.049  0.644	32
  5:	0.065  0.269  0.068  0.599	8
  6:	0.083  0.103  0.118  0.696	11
  7:	0.014  0.030  0.918  0.038	16
  8:	0.371  0.006  0.610  0.012	4
  9:	0.445  0.011  0.533  0.011	28
 10:	0.375  0.011  0.599  0.015	3
 11:	0.463  0.008  0.516  0.013	5
 12:	0.476  0.007  0.511  0.006	5
 13:	0.434  0.016  0.537  0.013	5
 14:	0.010  0.202  0.008  0.780	20
 15:	0.005  0.077  0.002  0.916	3

  1:	0.002  0.072  0.153  0.773	1
  2:	0.196  0.177  0.399  0.228	5
  3:	0.027  0.586  0.330  0.057	5
  4:	0.072  0.277  0.268  0.383	32
  5:	0.117  0.185  0.474  0.223	8
  6:	0.187  0.148  0.572  0.093	11
  7:	0.962  0.004  0.007  0.027	16
  8:	0.959  0.014  0.018  0.009	4
  9:	0.958  0.014  0.014  0.014	28
 10:	0.961  0.011  0.016  0.011	3
 11:	0.956  0.015  0.015  0.014	5
 12:	0.971  0.010  0.009  0.010	5
 13:	0.959  0.013  0.009  0.020	5
 14:	0.006  0.252  0.433  0.309	20
 15:	0.001  0.385  0.165  0.449	3

  1:	0.003  0.294  0.654  0.050	1
  2:	0.192  0.298  0.123  0.387	5
  3:	0.030  0.108  0.490  0.372	5
  4:	0.073  0.261  0.420  0.246	32
  5:	0.118  0.325  0.292  0.265	8
  6:	0.185  0.383  0.100  0.332	11
  7:	0.957  0.031  0.006  0.005	16
  8:	0.943  0.016  0.016  0.025	4
  9:	0.940  0.018  0.022  0.020	28
 10:	0.943  0.023  0.015  0.019	3
 11:	0.938  0.019  0.023  0.020	5
 12:	0.955  0.011  0.018  0.016	5
 13:	0.945  0.014  0.026  0.016	5
 14:	0.006  0.317  0.375  0.302	20
 15:	0.002  0.307  0.623  0.069	3

  1:	0.950  0.041  0.006  0.003	1
  2:	0.510  0.277  0.110  0.103	5
  3:	0.878  0.087  0.023  0.012	5
  4:	0.616  0.299  0.037  0.048	32
  5:	0.631  0.234  0.067  0.068	8
  6:	0.650  0.153  0.081  0.116	11
  7:	0.043  0.023  0.021  0.913	16
  8:	0.010  0.008  0.378  0.605	4
  9:	0.010  0.011  0.453  0.526	28
 10:	0.015  0.013  0.380  0.592	3
 11:	0.012  0.011  0.469  0.508	5
 12:	0.006  0.006  0.484  0.504	5
 13:	0.010  0.023  0.439  0.528	5
 14:	0.772  0.212  0.009  0.007	20
 15:	0.926  0.067  0.005  0.002	3

  1:	0.941  0.005  0.048  0.005	1
  2:	0.595  0.099  0.194  0.112	5
  3:	0.833  0.014  0.127  0.026	5
  4:	0.772  0.049  0.138  0.041	32
  5:	0.631  0.064  0.237  0.068	8
  6:	0.551  0.114  0.251  0.085	11
  7:	0.040  0.909  0.030  0.021	16
  8:	0.007  0.598  0.010  0.384	4
  9:	0.010  0.518  0.013  0.459	28
 10:	0.016  0.585  0.014  0.386	3
 11:	0.008  0.504  0.009  0.479	5
 12:	0.006  0.497  0.006  0.491	5
 13:	0.015  0.523  0.012  0.450	5
 14:	0.836  0.008  0.146  0.010	20
 15:	0.972  0.002  0.019  0.006	3

  1:	0.094  0.007  0.895  0.005	1
  2:	0.175  0.111  0.609  0.104	5
  3:	0.113  0.027  0.844  0.017	5
  4:	0.260  0.039  0.651  0.050	32
  5:	0.267  0.069  0.596  0.068	8
  6:	0.266  0.083  0.535  0.117	11
  7:	0.035  0.020  0.034  0.911	16
  8:	0.008  0.377  0.011  0.604	4
  9:	0.013  0.449  0.011  0.527	28
 10:	0.016  0.375  0.018  0.590	3
 11:	0.013  0.467  0.010  0.511	5
 12:	0.006  0.480  0.008  0.507	5
 13:	0.022  0.438  0.008  0.532	5
 14:	0.283  0.010  0.699  0.009	20
 15:	0.041  0.006  0.951  0.002	3

  1:	0.106  0.003  0.576  0.316	1
  2:	0.248  0.194  0.236  0.322	5
  3:	0.237  0.029  0.537  0.198	5
  4:	0.135  0.073  0.490  0.301	32
  5:	0.305  0.117  0.297  0.282	8
  6:	0.409  0.185  0.164  0.242	11
  7:	0.013  0.959  0.022  0.006	16
  8:	0.014  0.946  0.013  0.027	4
  9:	0.019  0.944  0.019  0.017	28
 10:	0.022  0.947  0.017  0.015	3
 11:	0.017  0.944  0.019  0.021	5
 12:	0.012  0.960  0.015  0.013	5
 13:	0.015  0.949  0.026  0.011	5
 14:	0.285  0.006  0.382  0.326	20
 15:	0.295  0.001  0.556  0.147	3

