  1:	0.003  0.324  0.108  0.021  0.544	1
  2:	0.190  0.190  0.209  0.316  0.094	5
  3:	0.030  0.112  0.671  0.141  0.046	5
  4:	0.071  0.237  0.278  0.155  0.259	32
  5:	0.115  0.301  0.166  0.342  0.075	8
  6:	0.182  0.293  0.102  0.121  0.302	11
  7:	0.954  0.029  0.004  0.003  0.011	16
  8:	0.938  0.013  0.015  0.016  0.018	4
  9:	0.929  0.018  0.018  0.020  0.016	28
 10:	0.933  0.015  0.014  0.017  0.021	3
 11:	0.930  0.013  0.016  0.026  0.015	5
 12:	0.942  0.014  0.015  0.018  0.011	5
 13:	0.936  0.014  0.018  0.019  0.013	5
 14:	0.006  0.326  0.236  0.253  0.179	20
 15:	0.001  0.049  0.550  0.042  0.358	3

  1:	0.749  0.004  0.147  0.005  0.095	1
  2:	0.223  0.108  0.370  0.106  0.192	5
  3:	0.099  0.014  0.298  0.020  0.569	5
  4:	0.298  0.049  0.303  0.037  0.312	32
  5:	0.304  0.069  0.346  0.064  0.217	8
  6:	0.356  0.118  0.351  0.079  0.096	11
  7:	0.031  0.907  0.025  0.017  0.021	16
  8:	0.007  0.612  0.011  0.361  0.009	4
  9:	0.010  0.535  0.011  0.432  0.013	28
 10:	0.016  0.594  0.022  0.357  0.011	3
 11:	0.008  0.519  0.012  0.450  0.012	5
 12:	0.006  0.515  0.008  0.464  0.007	5
 13:	0.014  0.540  0.012  0.422  0.012	5
 14:	0.295  0.008  0.398  0.009  0.289	20
 15:	0.275  0.002  0.373  0.005  0.346	3

  1:	0.005  0.002  0.964  0.019  0.010	1
  2:	0.150  0.005  0.741  0.051  0.053	5
  3:	0.026  0.004  0.923  0.017  0.031	5
  4:	0.057  0.011  0.782  0.126  0.024	32
  5:	0.102  0.003  0.744  0.138  0.014	8
  6:	0.152  0.017  0.734  0.075  0.022	11
  7:	0.502  0.440  0.025  0.022  0.010	16
  8:	0.726  0.127  0.047  0.050  0.050	4
  9:	0.733  0.030  0.029  0.069  0.140	28
 10:	0.669  0.087  0.030  0.091  0.123	3
 11:	0.783  0.014  0.027  0.053  0.122	5
 12:	0.779  0.009  0.017  0.047  0.149	5
 13:	0.785  0.020  0.026  0.038  0.131	5
 14:	0.009  0.004  0.922  0.052  0.013	20
 15:	0.002  0.002  0.977  0.011  0.008	3

  1:	0.608  0.193  0.064  0.002  0.132	1
  2:	0.051  0.260  0.301  0.190  0.199	5
  3:	0.333  0.219  0.060  0.031  0.357	5
  4:	0.227  0.210  0.245  0.070  0.248	32
  5:	0.175  0.461  0.208  0.115  0.041	8
  6:	0.102  0.406  0.186  0.183  0.122	11
  7:	0.006  0.010  0.003  0.959  0.021	16
  8:	0.013  0.013  0.012  0.946  0.016	4
  9:	0.015  0.014  0.015  0.942  0.013	28
 10:	0.008  0.019  0.014  0.944  0.015	3
 11:	0.013  0.014  0.018  0.940  0.016	5
 12:	0.013  0.012  0.011  0.955  0.009	5
 13:	0.018  0.008  0.019  0.945  0.010	5
 14:	0.275  0.416  0.123  0.005  0.182	20
 15:	0.389  0.110  0.014  0.001  0.487	3

  1:	0.013  0.315  0.653  0.003  0.016	1
  2:	0.195  0.077  0.152  0.190  0.386	5
  3:	0.024  0.453  0.396  0.028  0.099	5
  4:	0.193  0.244  0.288  0.071  0.205	32
  5:	0.229  0.210  0.080  0.114  0.367	8
  6:	0.154  0.087  0.188  0.184  0.387	11
  7:	0.010  0.005  0.021  0.958  0.006	16
  8:	0.016  0.013  0.010  0.947  0.014	4
  9:	0.015  0.016  0.013  0.942  0.014	28
 10:	0.011  0.013  0.017  0.945  0.014	3
 11:	0.014  0.015  0.012  0.943  0.015	5
 12:	0.012  0.013  0.008  0.957  0.010	5
 13:	0.016  0.017  0.012  0.945  0.010	5
 14:	0.125  0.310  0.339  0.005  0.221	20
 15:	0.030  0.345  0.602  0.001  0.021	3

  1:	0.034  0.847  0.044  0.073  0.002	1
  2:	0.185  0.275  0.054  0.297  0.190	5
  3:	0.356  0.154  0.271  0.189  0.029	5
  4:	0.190  0.162  0.290  0.286  0.072	32
  5:	0.199  0.235  0.245  0.205  0.116	8
  6:	0.289  0.314  0.086  0.128  0.183	11
  7:	0.006  0.027  0.005  0.005  0.956	16
  8:	0.016  0.015  0.013  0.015  0.942	4
  9:	0.014  0.016  0.019  0.015  0.935	28
 10:	0.027  0.011  0.012  0.014  0.935	3
 11:	0.017  0.012  0.019  0.017  0.935	5
 12:	0.009  0.014  0.016  0.011  0.950	5
 13:	0.010  0.014  0.026  0.010  0.940	5
 14:	0.248  0.196  0.265  0.285  0.005	20
 15:	0.213  0.057  0.387  0.342  0.001	3

  1:	0.003  0.041  0.544  0.053  0.359	1
  2:	0.191  0.034  0.207  0.514  0.055	5
  3:	0.025  0.036  0.083  0.450  0.406	5
  4:	0.071  0.083  0.254  0.258  0.334	32
  5:	0.117  0.181  0.233  0.263  0.207	8
  6:	0.183  0.381  0.163  0.145  0.129	11
  7:	0.956  0.005  0.031  0.003  0.004	16
  8:	0.941  0.020  0.011  0.015  0.014	4
  9:	0.935  0.015  0.015  0.017  0.018	28
 10:	0.936  0.021  0.016  0.017  0.011	3
 11:	0.935  0.014  0.015  0.018  0.018	5
 12:	0.949  0.011  0.011  0.015  0.014	5
 13:	0.941  0.010  0.021  0.012  0.015	5
 14:	0.006  0.182  0.296  0.233  0.283	20
 15:	0.001  0.040  0.533  0.033  0.392	3

  1:	0.004  0.168  0.507  0.316  0.005	1
  2:	0.105  0.285  0.414  0.091  0.105	5
  3:	0.013  0.091  0.490  0.385  0.021	5
  4:	0.049  0.230  0.417  0.267  0.037	32
  5:	0.067  0.268  0.391  0.212  0.062	8
  6:	0.116  0.290  0.377  0.139  0.079	11
  7:	0.908  0.025  0.031  0.018  0.017	16
  8:	0.612  0.011  0.009  0.009  0.359	4
  9:	0.535  0.013  0.010  0.011  0.432	28
 10:	0.596  0.010  0.027  0.012  0.356	3
 11:	0.519  0.010  0.011  0.010  0.450	5
 12:	0.516  0.008  0.006  0.007  0.463	5
 13:	0.540  0.014  0.011  0.014  0.422	5
 14:	0.008  0.141  0.569  0.272  0.010	20
 15:	0.002  0.026  0.618  0.350  0.005	3

  1:	0.005  0.004  0.395  0.539  0.057	1
  2:	0.107  0.104  0.071  0.571  0.147	5
  3:	0.022  0.010  0.334  0.563  0.070	5
  4:	0.036  0.048  0.228  0.449  0.239	32
  5:	0.061  0.066  0.186  0.470  0.216	8
  6:	0.080  0.117  0.123  0.573  0.106	11
  7:	0.015  0.915  0.017  0.029  0.024	16
  8:	0.365  0.612  0.010  0.008  0.006	4
  9:	0.436  0.535  0.011  0.009  0.009	28
 10:	0.365  0.600  0.014  0.012  0.010	3
 11:	0.456  0.520  0.009  0.008  0.007	5
 12:	0.467  0.515  0.007  0.007  0.005	5
 13:	0.427  0.541  0.011  0.010  0.010	5
 14:	0.008  0.007  0.254  0.618  0.113	20
 15:	0.004  0.001  0.315  0.638  0.042	3

  1:	0.263  0.121  0.003  0.458  0.155	1
  2:	0.178  0.371  0.188  0.061  0.201	5
  3:	0.367  0.553  0.029  0.030  0.020	5
  4:	0.224  0.245  0.070  0.185  0.276	32
  5:	0.225  0.436  0.119  0.063  0.157	8
  6:	0.195  0.274  0.183  0.212  0.136	11
  7:	0.005  0.010  0.955  0.025  0.005	16
  8:	0.013  0.016  0.936  0.023  0.012	4
  9:	0.017  0.018  0.929  0.016  0.020	28
 10:	0.011  0.021  0.932  0.021  0.015	3
 11:	0.024  0.013  0.929  0.014  0.021	5
 12:	0.014  0.014  0.945  0.011  0.017	5
 13:	0.015  0.009  0.934  0.010  0.032	5
 14:	0.288  0.374  0.006  0.200  0.131	20
 15:	0.347  0.103  0.001  0.515  0.034	3

  1:	0.028  0.017  0.011  0.941  0.003	1
  2:	0.219  0.070  0.375  0.145  0.190	5
  3:	0.094  0.343  0.471  0.065  0.027	5
  4:	0.122  0.189  0.172  0.446  0.071	32
  5:	0.345  0.221  0.231  0.088  0.115	8
  6:	0.347  0.113  0.101  0.254  0.185	11
  7:	0.020  0.005  0.007  0.010  0.959	16
  8:	0.015  0.018  0.012  0.009  0.945	4
  9:	0.013  0.015  0.015  0.014  0.942	28
 10:	0.015  0.009  0.016  0.015  0.944	3
 11:	0.018  0.015  0.012  0.013  0.941	5
 12:	0.008  0.013  0.010  0.011  0.958	5
 13:	0.010  0.016  0.009  0.019  0.947	5
 14:	0.196  0.251  0.272  0.276  0.005	20
 15:	0.085  0.368  0.045  0.500  0.001	3

  1:	0.197  0.004  0.374  0.421  0.004	1
  2:	0.054  0.092  0.184  0.552  0.118	5
  3:	0.356  0.010  0.038  0.571  0.026	5
  4:	0.249  0.044  0.264  0.404  0.039	32
  5:	0.191  0.058  0.180  0.504  0.067	8
  6:	0.125  0.106  0.149  0.530  0.090	11
  7:	0.018  0.875  0.041  0.015  0.050	16
  8:	0.018  0.558  0.007  0.010  0.407	4
  9:	0.019  0.478  0.013  0.009  0.480	28
 10:	0.021  0.541  0.016  0.015  0.407	3
 11:	0.024  0.462  0.011  0.007  0.496	5
 12:	0.017  0.455  0.007  0.006  0.514	5
 13:	0.027  0.480  0.011  0.007  0.474	5
 14:	0.233  0.007  0.176  0.575  0.009	20
 15:	0.332  0.002  0.142  0.519  0.004	3

  1:	0.563  0.064  0.004  0.330  0.039	1
  2:	0.101  0.327  0.189  0.211  0.173	5
  3:	0.102  0.372  0.032  0.072  0.422	5
  4:	0.143  0.194  0.071  0.347  0.246	32
  5:	0.188  0.454  0.117  0.117  0.124	8
  6:	0.280  0.253  0.181  0.107  0.180	11
  7:	0.009  0.008  0.953  0.021  0.009	16
  8:	0.021  0.026  0.933  0.010  0.010	4
  9:	0.017  0.018  0.925  0.020  0.020	28
 10:	0.015  0.020  0.925  0.024  0.015	3
 11:	0.018  0.019  0.926  0.018  0.018	5
 12:	0.011  0.015  0.940  0.015  0.019	5
 13:	0.011  0.011  0.931  0.036  0.011	5
 14:	0.209  0.332  0.007  0.188  0.264	20
 15:	0.061  0.060  0.001  0.583  0.296	3

  1:	0.157  0.171  0.004  0.015  0.653	1
  2:	0.194  0.099  0.190  0.268  0.249	5
  3:	0.050  0.408  0.031  0.090  0.421	5
  4:	0.287  0.199  0.071  0.137  0.307	32
  5:	0.172  0.167  0.113  0.401  0.147	8
  6:	0.161  0.128  0.181  0.322  0.208	11
  7:	0.005  0.008  0.956  0.013  0.019	16
  8:	0.014  0.016  0.936  0.015  0.018	4
  9:	0.018  0.016  0.932  0.019  0.016	28
 10:	0.020  0.011  0.934  0.017  0.018	3
 11:	0.019  0.018  0.931  0.019  0.013	5
 12:	0.015  0.014  0.944  0.015  0.012	5
 13:	0.025  0.020  0.937  0.011  0.007	5
 14:	0.156  0.272  0.006  0.221  0.346	20
 15:	0.201  0.369  0.001  0.153  0.275	3

  1:	0.054  0.002  0.846  0.035  0.063	1
  2:	0.329  0.192  0.040  0.075  0.364	5
  3:	0.300  0.031  0.040  0.427  0.202	5
  4:	0.257  0.070  0.244  0.243  0.185	32
  5:	0.408  0.118  0.041  0.175  0.257	8
  6:	0.452  0.183  0.164  0.125  0.077	11
  7:	0.015  0.957  0.008  0.007  0.013	16
  8:	0.018  0.941  0.010  0.015  0.016	4
  9:	0.016  0.937  0.015  0.017  0.016	28
 10:	0.021  0.936  0.018  0.013  0.012	3
 11:	0.014  0.935  0.014  0.021  0.016	5
 12:	0.011  0.950  0.014  0.014  0.011	5
 13:	0.007  0.941  0.015  0.016  0.020	5
 14:	0.424  0.006  0.065  0.269  0.236	20
 15:	0.349  0.001  0.116  0.372  0.161	3

  1:	0.015  0.004  0.019  0.893  0.070	1
  2:	0.116  0.101  0.028  0.611  0.144	5
  3:	0.034  0.014  0.020  0.870  0.063	5
  4:	0.038  0.048  0.095  0.723  0.097	32
  5:	0.069  0.064  0.060  0.561  0.246	8
  6:	0.071  0.113  0.068  0.545  0.203	11
  7:	0.013  0.885  0.012  0.067  0.023	16
  8:	0.342  0.587  0.043  0.017  0.011	4
  9:	0.412  0.510  0.057  0.009  0.012	28
 10:	0.333  0.572  0.041  0.016  0.038	3
 11:	0.447  0.495  0.037  0.011  0.011	5
 12:	0.456  0.492  0.030  0.006  0.015	5
 13:	0.420  0.517  0.038  0.006  0.018	5
 14:	0.015  0.009  0.048  0.802  0.127	20
 15:	0.011  0.002  0.022  0.938  0.026	3

  1:	0.407  0.422  0.102  0.002  0.067	1
  2:	0.151  0.249  0.215  0.188  0.196	5
  3:	0.296  0.126  0.031  0.029  0.519	5
  4:	0.191  0.266  0.301  0.071  0.171	32
  5:	0.183  0.188  0.384  0.118  0.126	8
  6:	0.146  0.283  0.332  0.184  0.054	11
  7:	0.011  0.005  0.024  0.956  0.004	16
  8:	0.017  0.025  0.012  0.937  0.008	4
  9:	0.018  0.018  0.015  0.932  0.017	28
 10:	0.011  0.014  0.025  0.931  0.019	3
 11:	0.026  0.012  0.017  0.931  0.014	5
 12:	0.014  0.015  0.011  0.947  0.014	5
 13:	0.022  0.017  0.011  0.938  0.012	5
 14:	0.291  0.242  0.348  0.006  0.114	20
 15:	0.146  0.267  0.301  0.001  0.286	3

  1:	0.242  0.502  0.034  0.220  0.002	1
  2:	0.152  0.100  0.426  0.131  0.192	5
  3:	0.668  0.077  0.192  0.035  0.028	5
  4:	0.304  0.227  0.201  0.197  0.070	32
  5:	0.170  0.203  0.216  0.296  0.115	8
  6:	0.360  0.047  0.090  0.317  0.185	11
  7:	0.020  0.011  0.002  0.007  0.959	16
  8:	0.016  0.010  0.020  0.008  0.947	4
  9:	0.015  0.015  0.013  0.016  0.941	28
 10:	0.015  0.011  0.013  0.017  0.944	3
 11:	0.015  0.015  0.018  0.012  0.939	5
 12:	0.008  0.013  0.014  0.011  0.955	5
 13:	0.008  0.016  0.010  0.021  0.946	5
 14:	0.223  0.274  0.234  0.263  0.005	20
 15:	0.652  0.059  0.040  0.247  0.001	3

  1:	0.047  0.718  0.051  0.002  0.182	1
  2:	0.359  0.068  0.270  0.188  0.115	5
  3:	0.171  0.061  0.223  0.027  0.517	5
  4:	0.245  0.241  0.127  0.071  0.317	32
  5:	0.163  0.057  0.431  0.115  0.234	8
  6:	0.113  0.173  0.415  0.183  0.117	11
  7:	0.005  0.013  0.021  0.955  0.006	16
  8:	0.021  0.015  0.014  0.936  0.015	4
  9:	0.017  0.017  0.019  0.929  0.018	28
 10:	0.019  0.021  0.020  0.927  0.014	3
 11:	0.021  0.015  0.016  0.928  0.020	5
 12:	0.018  0.013  0.012  0.942  0.016	5
 13:	0.012  0.016  0.014  0.936  0.022	5
 14:	0.182  0.212  0.297  0.006  0.303	20
 15:	0.041  0.342  0.060  0.001  0.555	3

  1:	0.055  0.003  0.696  0.194  0.052	1
  2:	0.477  0.191  0.118  0.053  0.160	5
  3:	0.471  0.030  0.052  0.120  0.328	5
  4:	0.214  0.070  0.342  0.183  0.191	32
  5:	0.346  0.113  0.153  0.114  0.273	8
  6:	0.063  0.182  0.072  0.340  0.343	11
  7:	0.004  0.958  0.004  0.016  0.019	16
  8:	0.016  0.944  0.009  0.014  0.018	4
  9:	0.015  0.940  0.017  0.013  0.016	28
 10:	0.015  0.942  0.014  0.016  0.014	3
 11:	0.015  0.940  0.014  0.017  0.013	5
 12:	0.015  0.954  0.014  0.008  0.010	5
 13:	0.010  0.946  0.021  0.011  0.012	5
 14:	0.331  0.005  0.219  0.131  0.314	20
 15:	0.328  0.001  0.280  0.351  0.040	3

